MEMORY
  total           14795 KB
  struct            159 KB
  buffer            299 KB
  arena           14336 KB, used 0.2%

SIZES
  narena                14680064
  nbuffer               306624
  nplugin               0
  maxuse_stack          6640
  maxuse_arena          29968
  maxuse_con            0
  maxuse_efc            9
  ncon                  0
  ne                    7
  nf                    0
  nl                    2
  nefc                  9
  nJ                    162
  nA                    0
  nisland               1
  nidof                 18
  ntree_awake           1
  nbody_awake           24
  nparent_awake         23
  nv_awake              18
  threadpool            0

TIMER
    0:  duration =  0          number = 0
    1:  duration =  0.033      number = 1
    2:  duration =  0          number = 0
    3:  duration =  0.023      number = 1
    4:  duration =  0.0021     number = 1
    5:  duration =  0.0008     number = 1
    6:  duration =  0.0053     number = 1
    7:  duration =  0          number = 0
    8:  duration =  0.0039     number = 1
    9:  duration =  0.0015     number = 1
    10:  duration =  0.014      number = 1
    11:  duration =  0.0034     number = 1
    12:  duration =  0          number = 1
    13:  duration =  0.0035     number = 1
    14:  duration =  0.0049     number = 1

SOLVER STAT
  solver_fwdinv =   0         0       
  ISLAND 0
    solver_niter = 1
    solver_nnz = 324
      0:  improvement =  2.5e-17     gradient =  3.9e-19     lineslope =  0       
          nactive = 9   nchange = 0   neval = 2   nupdate = 0

ENERGY =   0         0       

TIME =  2       

QPOS
  -1.5e-17 
   6.6e-20 
  -5.3e-19 
   2.3e-17 
   0.27    
   3.1     
  -2.3     
   1e-05   
   0.95    
   1.6     
   0.0026  
   0.00015 
   0.003   
  -0.0034  
   0.0026  
   0.00015 
   0.003   
  -0.0034  

QVEL
   1.3e-16 
   2.6e-18 
   5.5e-17 
  -7.3e-16 
  -6e-13   
  -1e-13   
   4.9e-13 
   8.1e-15 
  -4.6e-11 
   5.3e-14 
   3.9e-11 
  -1.6e-14 
   3.9e-11 
  -3.7e-11 
   3.9e-11 
  -1.5e-14 
   3.9e-11 
  -3.7e-11 

QACC_WARMSTART
  -3.8e-13 
   2.1e-13 
  -1.1e-12 
   1.1e-11 
   3.4e-10 
   2.4e-11 
  -5.4e-10 
   1e-10   
   3.3e-09 
  -3.8e-11 
  -7.8e-10 
   1.2e-11 
  -2.6e-10 
   4.2e-10 
  -7.8e-10 
   3.2e-11 
  -2.9e-10 
   4.3e-10 

CTRL
   0       
   0       
   0       
   0       
   0.26    
   3.1     
  -2.3     
   0       
   0.96    
   1.6     
   0       

QFRC_APPLIED
   0       
   0       
   0       
   0       
   0       
   0       
   0       
   0       
   0       
   0       
   0       
   0       
   0       
   0       
   0       
   0       
   0       
   0       

XFRC_APPLIED
   0         0         0         0         0         0       
   0         0         0         0         0         0       
   0         0         0         0         0         0       
   0         0         0         0         0         0       
   0         0         0         0         0         0       
   0         0         0         0         0         0       
   0         0         0         0         0         0       
   0         0         0         0         0         0       
   0         0         0         0         0         0       
   0         0         0         0         0         0       
   0         0         0         0         0         0       
   0         0         0         0         0         0       
   0         0         0         0         0         0       
   0         0         0         0         0         0       
   0         0         0         0         0         0       
   0         0         0         0         0         0       
   0         0         0         0         0         0       
   0         0         0         0         0         0       
   0         0         0         0         0         0       
   0         0         0         0         0         0       
   0         0         0         0         0         0       
   0         0         0         0         0         0       
   0         0         0         0         0         0       
   0         0         0         0         0         0       

EQ_ACTIVE             1 1 1

MOCAP_POS
   0.58      0.0014    0.77    

MOCAP_QUAT
   0.5       0.5       0.5       0.5     

QACC
  -3.7e-13 
   2.1e-13 
  -7.4e-13 
   1.1e-11 
   3.3e-10 
   2.3e-11 
  -5.3e-10 
   1e-10   
   3.2e-09 
  -3.6e-11 
  -7.7e-10 
   4.4e-12 
  -3.5e-10 
   3.5e-10 
  -7.7e-10 
   8.3e-12 
  -3.4e-10 
   3.4e-10 

TREE_ASLEEP
  -11

XPOS
   0         0         0       
  -1.5e-17   6.6e-20   0       
  -1.5e-17   6.6e-20   0.34    
  -1.5e-17   6.6e-20   0.49    
  -1.5e-17  -0.0054    0.62    
   0.056    -0.012     0.82    
   0.11     -0.0054    1       
   0.23      0.00099   0.85    
   0.29      0.0012    0.77    
   0.4       0.0013    0.76    
   0.46      0.0013    0.76    
   0.51     -0.029     0.76    
   0.51     -0.061     0.76    
   0.52     -0.012     0.76    
   0.56     -0.067     0.76    
   0.57     -0.048     0.76    
   0.57     -0.048     0.76    
   0.51      0.032     0.76    
   0.51      0.063     0.76    
   0.52      0.015     0.76    
   0.56      0.069     0.76    
   0.57      0.05      0.76    
   0.57      0.05      0.76    
   0.58      0.0014    0.77    

XQUAT
   1         0         0         0       
   1         0         0        -2.7e-19 
   1         0         0        -2.7e-19 
   0         1        -1.2e-17   0       
  -0.7       0.7      -0.095    -0.095   
   0.13     -3.1e-05  -0.99      4.2e-06 
   0.68      0.68     -0.21      0.21    
   0.96     -1.8e-05  -0.3      -2.1e-05 
   0.5       0.5      -0.5       0.5     
   0.5      -0.5      -0.5       0.5     
  -2.7e-05  -0.71      9.5e-06  -0.7     
   0.0009   -0.71     -0.00091  -0.7     
   0.00095  -0.71     -0.00096  -0.7     
   0.001    -0.71     -0.001    -0.7     
  -0.00017  -0.71      0.00015  -0.7     
  -0.00017  -0.71      0.00015  -0.7     
  -0.00017  -0.71      0.00015  -0.7     
   0.7       0.00092   0.71     -0.00096 
   0.7       0.00098   0.71     -0.001   
   0.7       0.0011    0.71     -0.0011  
   0.7      -0.00013   0.71      0.00011 
   0.7      -0.00013   0.71      0.00011 
   0.7      -0.00013   0.71      0.00011 
   0.5       0.5       0.5       0.5     

XMAT
   1         0         0         0         1         0         0         0         1       
   1         5.3e-19   0        -5.3e-19   1        -0        -0         0         1       
   1         5.3e-19   0        -5.3e-19   1        -0        -0         0         1       
   1        -2.4e-17   0        -2.4e-17  -1        -0         0         0        -1       
   0.96     -0.27      2.8e-17  -2.8e-17   5.2e-18   1        -0.27     -0.96     -5.2e-18 
  -0.96      6e-05    -0.27      6.3e-05   1         7.4e-18   0.27     -1.7e-05  -0.96    
   0.83     -0.56     -6e-05    -4e-05     4.8e-05  -1         0.56      0.83      1.7e-05 
   0.83      5.2e-05  -0.56     -3e-05     1         4.8e-05   0.56     -2.2e-05   0.83    
   0.016    -1        -5.2e-05   2.2e-05   5.2e-05  -1         1         0.016     2.2e-05 
   5.2e-05  -0.016    -1         1        -2.5e-05   5.2e-05  -2.6e-05  -1         0.016   
   0.016    -5.2e-05   1         2.5e-05  -1        -5.2e-05   1         2.6e-05  -0.016   
   0.016     0.0026    1         2.5e-05  -1         0.0026    1        -1.7e-05  -0.016   
   0.016     0.0027    1         2.5e-05  -1         0.0027    1        -1.9e-05  -0.016   
   0.016     0.003     1         2.5e-05  -1         0.003     1        -2.3e-05  -0.016   
   0.016    -0.00045   1         2.5e-05  -1        -0.00045   1         3.2e-05  -0.016   
   0.016    -0.00045   1         2.5e-05  -1        -0.00045   1         3.2e-05  -0.016   
   0.016    -0.00045   1         2.5e-05  -1        -0.00045   1         3.2e-05  -0.016   
  -0.016     0.0027    1        -2.5e-05   1        -0.0027   -1        -6.8e-05  -0.016   
  -0.016     0.0028    1        -2.5e-05   1        -0.0028   -1        -7e-05    -0.016   
  -0.016     0.0031    1        -2.5e-05   1        -0.0031   -1        -7.4e-05  -0.016   
  -0.016    -0.00035   1        -2.5e-05   1         0.00035  -1        -1.9e-05  -0.016   
  -0.016    -0.00035   1        -2.5e-05   1         0.00035  -1        -1.9e-05  -0.016   
  -0.016    -0.00035   1        -2.5e-05   1         0.00035  -1        -1.9e-05  -0.016   
  -3.5e-09   3.2e-09   1         1         2.3e-09   3.5e-09  -2.3e-09   1        -3.2e-09 

XIPOS
   0         0         0       
  -1.5e-17   6.6e-20   0.035   
  -0.00065  -0.00017   0.42    
  -2.3e-05   0.01      0.56    
   0.026    -0.019     0.72    
   0.087    -0.018     0.94    
   0.15      0.0096    0.96    
   0.27     -0.0084    0.8     
   0.33      0.011     0.77    
   0.42      0.0016    0.75    
   0.49      0.0014    0.76    
   0.51     -0.047     0.76    
   0.53     -0.064     0.76    
   0.54     -0.03      0.76    
   0.57     -0.056     0.76    
   0.59     -0.045     0.76    
   0.59     -0.042     0.76    
   0.51      0.05      0.76    
   0.53      0.066     0.76    
   0.54      0.033     0.76    
   0.57      0.058     0.76    
   0.59      0.048     0.76    
   0.59      0.045     0.76    
   0.58      0.0014    0.77    

XIMAT
   1         0         0         0         1         0         0         0         1       
   1         5.3e-19   0        -5.3e-19   1        -0        -0         0         1       
   1        -0.071    -0.024     0.071     1        -0.0036    0.024     0.0019    1       
   0.0039   -1        -0.00058  -0.99     -0.004     0.13     -0.13      7.2e-05  -0.99    
   0.016    -0.96      0.27      1        -0.0016   -0.067     0.065     0.27      0.96    
  -0.014     0.96     -0.27      1        -0.0019   -0.06     -0.058    -0.27     -0.96    
   0.037    -0.83      0.56     -1        -0.00029   0.065    -0.053    -0.56     -0.82    
  -0.11     -0.83     -0.55      0.98      3e-05    -0.2       0.16     -0.56      0.81    
   0.21     -0.016     0.98     -0.98     -2.2e-05   0.21     -0.0034   -1        -0.016   
  -0.92     -0.016     0.39      0.023    -1         0.015     0.39      0.023     0.92    
   0.016    -0.0031    1         2.5e-05  -1        -0.0031    1         7.5e-05  -0.016   
   0.016     1        -0.074     2.5e-05   0.074     1         1        -0.016     0.0012  
  -0.13     -0.016     0.99     -0.99     -2.5e-05  -0.13      0.0021   -1        -0.016   
  -0.65     -0.016     0.76     -0.76     -2.5e-05  -0.65      0.01     -1        -0.012   
   0.016     0.32      0.95      2.5e-05  -0.95      0.32      1        -0.0052   -0.015   
  -0.00045  -0.016     1        -1        -2.5e-05  -0.00045   3.2e-05  -1        -0.016   
  -0.00045  -0.016     1        -1        -2.5e-05  -0.00045   3.2e-05  -1        -0.016   
  -0.016     1        -0.074    -2.5e-05  -0.074    -1        -1        -0.016     0.0012  
  -0.13      0.016     0.99      0.99      2.5e-05   0.13      0.002     1        -0.016   
  -0.65      0.016     0.76      0.76      2.5e-05   0.65      0.01      1        -0.012   
  -0.016     0.32      0.95     -2.5e-05   0.95     -0.32     -1        -0.0053   -0.015   
  -0.00035   0.016     1         1         2.5e-05   0.00035  -1.9e-05   1        -0.016   
  -0.00035   0.016     1         1         2.5e-05   0.00035  -1.9e-05   1        -0.016   
  -3.5e-09   3.2e-09   1         1         2.3e-09   3.5e-09  -2.3e-09   1        -3.2e-09 

XANCHOR
   0         0         0       
  -1.5e-17   0         0       
  -1.5e-17   6.6e-20   0       
  -1.5e-17   6.6e-20   0.49    
  -1.5e-17  -0.0054    0.62    
   0.056    -0.012     0.82    
   0.11     -0.0054    1       
   0.23      0.00099   0.85    
   0.29      0.0012    0.77    
   0.4       0.0013    0.76    
   0.51     -0.029     0.76    
   0.51     -0.061     0.76    
   0.52     -0.012     0.76    
   0.56     -0.049     0.76    
   0.51      0.032     0.76    
   0.51      0.063     0.76    
   0.52      0.015     0.76    
   0.56      0.051     0.76    

XAXIS
   1         0         0       
   0         1         0       
   0         0         1       
   0         0        -1       
   2.4e-17   1         2.2e-16 
  -0.27      7.4e-18  -0.96    
  -6e-05    -1         1.7e-05 
  -0.56      4.8e-05   0.83    
  -5.2e-05  -1         2.2e-05 
  -1         5.2e-05   0.016   
   0.016     2.5e-05   1       
   0.016     2.5e-05   1       
   0.016     2.5e-05   1       
   0.016     2.5e-05   1       
  -0.016    -2.5e-05  -1       
  -0.016    -2.5e-05  -1       
  -0.016    -2.5e-05  -1       
  -0.016    -2.5e-05  -1       

GEOM_XPOS
   0         0         0       
  -1.4e-07  -2.1e-07   0.054   
  -9.5e-18   5.5e-18   0.085   
   7.6e-06   9.3e-18   0.2     
  -1.6e-17   6.3e-18   0.32    
  -1.1e-17  -3.4e-19   0.33    
  -1.4e-07  -2.1e-07   0.054   
  -9.5e-18   5.5e-18   0.085   
   7.6e-06   9.3e-18   0.2     
  -1.6e-17   6.3e-18   0.32    
  -1.1e-17  -3.4e-19   0.33    
  -0.0021   -0.00077   0.42    
  -0.0021   -0.00077   0.42    
  -2e-06     0.0097    0.58    
  -2e-06     0.0097    0.58    
   0.026    -0.023     0.71    
   0.026    -0.023     0.71    
   0.091    -0.022     0.95    
   0.091    -0.022     0.95    
   0.16      0.014     0.96    
   0.16      0.014     0.96    
   0.27     -0.011     0.79    
   0.27     -0.011     0.79    
   0.33      0.013     0.77    
   0.33      0.013     0.77    
   0.43      0.0013    0.78    
   0.43      0.0013    0.78    
   0.49      0.0014    0.76    
   0.49      0.0014    0.76    
   0.51     -0.047     0.76    
   0.51     -0.047     0.76    
   0.53     -0.064     0.76    
   0.53     -0.064     0.76    
   0.54     -0.03      0.76    
   0.54     -0.03      0.76    
   0.57     -0.056     0.76    
   0.57     -0.056     0.76    
   0.6      -0.045     0.76    
   0.58     -0.045     0.76    
   0.59     -0.045     0.76    
   0.59     -0.042     0.76    
   0.51      0.05      0.76    
   0.51      0.05      0.76    
   0.53      0.066     0.76    
   0.53      0.066     0.76    
   0.54      0.033     0.76    
   0.54      0.033     0.76    
   0.57      0.058     0.76    
   0.57      0.058     0.76    
   0.6       0.048     0.76    
   0.58      0.048     0.76    
   0.59      0.048     0.76    
   0.59      0.045     0.76    
   0.58      0.0014    0.77    

GEOM_XMAT
   1         0         0         0         1         0         0         0         1       
  -5.6e-17   0.64      0.77      0        -0.77      0.64      1         0         0       
   0        -1         0         0         0        -1         1         0         0       
  -1.7e-05  -1         0         0         0        -1         1        -1.7e-05   0       
   0        -1         0         0         0        -1         1         0         0       
   0        -1         0         0         0        -1         1         0         0       
  -5.6e-17   0.64      0.77      0        -0.77      0.64      1         0         0       
   0        -1         0         0         0        -1         1         0         0       
  -1.7e-05  -1         0         0         0        -1         1        -1.7e-05   0       
   0        -1         0         0         0        -1         1         0         0       
   0        -1         0         0         0        -1         1         0         0       
   0.00058  -1         0.035     1        -0.00031  -0.025     0.025     0.035     1       
   0.00058  -1         0.035     1        -0.00031  -0.025     0.025     0.035     1       
   0.00014  -1        -7.1e-05  -0.99     -0.00013  -0.12      0.12      8.7e-05  -0.99    
   0.00014  -1        -7.1e-05  -0.99     -0.00013  -0.12      0.12      8.7e-05  -0.99    
  -0.029    -0.96      0.26      0.99     -0.0004    0.11     -0.11      0.27      0.96    
  -0.029    -0.96      0.26      0.99     -0.0004    0.11     -0.11      0.27      0.96    
   0.018     0.96     -0.26      1        -0.00035   0.067     0.064    -0.27     -0.96    
   0.018     0.96     -0.26      1        -0.00035   0.067     0.064    -0.27     -0.96    
  -0.061    -0.83      0.56     -0.99      0.00019  -0.11      0.089    -0.56     -0.82    
  -0.061    -0.83      0.56     -0.99      0.00019  -0.11      0.089    -0.56     -0.82    
   0.13     -0.83     -0.55      0.97      0.00017   0.23     -0.19     -0.56      0.8     
   0.13     -0.83     -0.55      0.97      0.00017   0.23     -0.19     -0.56      0.8     
  -0.29     -0.016     0.96     -0.96     -2.2e-05  -0.29      0.0047   -1        -0.015   
  -0.29     -0.016     0.96     -0.96     -2.2e-05  -0.29      0.0047   -1        -0.015   
  -0.95      0.00051   0.31     -0.00041  -1         0.00037   0.31      0.00022   0.95    
  -0.95      0.00051   0.31     -0.00041  -1         0.00037   0.31      0.00022   0.95    
   0.016    -0.0031    1         2.5e-05  -1        -0.0031    1         7.5e-05  -0.016   
   0.016    -0.0031    1         2.5e-05  -1        -0.0031    1         7.5e-05  -0.016   
   0.016     1        -0.074     2.5e-05   0.074     1         1        -0.016     0.0012  
   0.016     1        -0.074     2.5e-05   0.074     1         1        -0.016     0.0012  
  -0.13     -0.016     0.99     -0.99     -2.5e-05  -0.13      0.0021   -1        -0.016   
  -0.13     -0.016     0.99     -0.99     -2.5e-05  -0.13      0.0021   -1        -0.016   
  -0.65     -0.016     0.76     -0.76     -2.5e-05  -0.65      0.01     -1        -0.012   
  -0.65     -0.016     0.76     -0.76     -2.5e-05  -0.65      0.01     -1        -0.012   
   0.016     0.33      0.94      2.5e-05  -0.94      0.33      1        -0.0053   -0.015   
   0.016     0.33      0.94      2.5e-05  -0.94      0.33      1        -0.0053   -0.015   
   0.016    -0.00045   1         2.5e-05  -1        -0.00045   1         3.2e-05  -0.016   
   0.016    -0.00045   1         2.5e-05  -1        -0.00045   1         3.2e-05  -0.016   
  -0.00045  -0.016     1        -1        -2.5e-05  -0.00045   3.2e-05  -1        -0.016   
  -0.00045  -0.016     1        -1        -2.5e-05  -0.00045   3.2e-05  -1        -0.016   
  -0.016     1        -0.074    -2.5e-05  -0.074    -1        -1        -0.016     0.0012  
  -0.016     1        -0.074    -2.5e-05  -0.074    -1        -1        -0.016     0.0012  
  -0.13      0.016     0.99      0.99      2.5e-05   0.13      0.002     1        -0.016   
  -0.13      0.016     0.99      0.99      2.5e-05   0.13      0.002     1        -0.016   
  -0.65      0.016     0.76      0.76      2.5e-05   0.65      0.01      1        -0.012   
  -0.65      0.016     0.76      0.76      2.5e-05   0.65      0.01      1        -0.012   
  -0.016     0.33      0.94     -2.5e-05   0.94     -0.33     -1        -0.0053   -0.015   
  -0.016     0.33      0.94     -2.5e-05   0.94     -0.33     -1        -0.0053   -0.015   
  -0.016    -0.00035   1        -2.5e-05   1         0.00035  -1        -1.9e-05  -0.016   
  -0.016    -0.00035   1        -2.5e-05   1         0.00035  -1        -1.9e-05  -0.016   
  -0.00035   0.016     1         1         2.5e-05   0.00035  -1.9e-05   1        -0.016   
  -0.00035   0.016     1         1         2.5e-05   0.00035  -1.9e-05   1        -0.016   
  -3.5e-09   3.2e-09   1         1         2.3e-09   3.5e-09  -2.3e-09   1        -3.2e-09 

SITE_XPOS
   0.58      0.0013    0.76    

SITE_XMAT
   5.2e-05   0.016     1         1         2.5e-05  -5.2e-05  -2.6e-05   1        -0.016   

CAM_XPOS
   0.25     -6.8e-20   0.34    
   0.45      0.0013    0.82    

CAM_XMAT
  -3.6e-12   0.71     -0.71     -1        -5.1e-12   0        -3.6e-12   0.71      0.71    
  -5.2e-05   0.016    -1        -1         2.5e-05   5.2e-05   2.6e-05   1         0.016   

LIGHT_XPOS
   0         0         1.5     

LIGHT_XDIR
   0         0        -1       

SUBTREE_COM
   0.027    -0.00022   0.13    
   0.019    -0.00024   0.12    
   0.15     -0.0018    0.71    
   0.18     -0.0022    0.77    
   0.22     -0.0051    0.82    
   0.27     -0.0018    0.85    
   0.33      0.0034    0.82    
   0.39      0.0013    0.77    
   0.43      0.0045    0.76    
   0.47      0.0014    0.76    
   0.5       0.0013    0.76    
   0.52     -0.057     0.76    
   0.53     -0.064     0.76    
   0.55     -0.04      0.76    
   0.57     -0.053     0.76    
   0.59     -0.044     0.76    
   0.59     -0.042     0.76    
   0.52      0.06      0.76    
   0.53      0.066     0.76    
   0.55      0.043     0.76    
   0.57      0.055     0.76    
   0.59      0.047     0.76    
   0.59      0.045     0.76    
   0.58      0.0014    0.77    

CDOF
   0         0         0         1         0         0       
   0         0         0         0         1         0       
   0         0         1         0.00024   0.019    -0       
   0         0        -1        -0.00024  -0.019    -0       
   2.4e-17   1         2.2e-16  -0.5       1.6e-17  -0.019   
  -0.27      7.4e-18  -0.96      0.011    -0.15     -0.0031  
  -6e-05    -1         1.7e-05   0.9      -5.6e-05  -0.092   
  -0.56      4.8e-05   0.83      0.00098  -0.59      0.0007  
  -5.2e-05  -1         2.2e-05   0.64     -3.9e-05  -0.27    
  -1         5.2e-05   0.016    -8.1e-06  -0.65      0.0016  
   0.016     2.5e-05   1        -0.029    -0.48      0.00048 
   0.016     2.5e-05   1        -0.061    -0.48      0.00099 
   0.016     2.5e-05   1        -0.012    -0.49      0.0002  
   0.016     2.5e-05   1        -0.049    -0.53      0.0008  
  -0.016    -2.5e-05  -1        -0.032     0.48      0.00051 
  -0.016    -2.5e-05  -1        -0.064     0.48      0.001   
  -0.016    -2.5e-05  -1        -0.015     0.49      0.00023 
  -0.016    -2.5e-05  -1        -0.052     0.53      0.00082 

CINERT
   0         0         0         0         0         0         0         0         0         0       
   0.47      0.49      0.024     0.00028  -0.1       0.0013   -1.2       0.014    -5.3       60      
   0.15      0.15      0.0028    1.2e-05   0.01     -2.8e-05  -0.034     0.00012   0.5       1.7     
   0.27      0.27      0.0021    0.00028   0.012    -0.006    -0.027     0.015     0.61      1.4     
   0.42      0.42      0.0022    0.00033  -0.0073    0.013     0.008    -0.021     0.69      1.2     
   0.78      0.79      0.0074    0.0013   -0.067     0.017     0.079    -0.021     0.95      1.2     
   0.66      0.68      0.02     -0.0015   -0.1      -0.0073    0.13      0.0092    0.78      0.93    
   0.31      0.35      0.042     0.0012   -0.11      0.004     0.17     -0.0056    0.46      0.68    
   0.28      0.35      0.069    -0.0026   -0.14     -0.0048    0.21      0.0075    0.44      0.68    
   0.2       0.28      0.082    -0.00038  -0.13     -0.00058   0.2       0.00092   0.31      0.5     
   0.32      0.49      0.17     -0.00058  -0.23     -0.00079   0.37      0.0012    0.5       0.78    
   0.0037    0.0059    0.0022    0.00021  -0.0028    0.00027   0.0044   -0.00042   0.0057    0.009   
   0.0058    0.0094    0.0037    0.00046  -0.0046    0.00057   0.0072   -0.0009    0.009     0.014   
   0.0091    0.015     0.006     0.00035  -0.0073    0.00042   0.012    -0.00066   0.014     0.022   
   0.0051    0.0089    0.0038    0.00038  -0.0044    0.00044   0.0069   -0.00069   0.008     0.013   
   0.0014    0.0026    0.0011    9e-05    -0.0013    0.0001    0.002    -0.00016   0.0022    0.0035  
   0.00053   0.00095   0.00042   3.1e-05  -0.00047   3.5e-05   0.00074  -5.4e-05   0.00083   0.0013  
   0.0037    0.0059    0.0022   -0.00022  -0.0028   -0.00029   0.0044    0.00045   0.0057    0.009   
   0.0058    0.0094    0.0038   -0.00048  -0.0046   -0.0006    0.0072    0.00094   0.009     0.014   
   0.0091    0.015     0.006    -0.00038  -0.0073   -0.00047   0.012     0.00073   0.014     0.022   
   0.0051    0.0089    0.0038   -0.0004   -0.0044   -0.00047   0.0069    0.00073   0.008     0.013   
   0.0014    0.0026    0.0011   -9.6e-05  -0.0013   -0.00011   0.002     0.00017   0.0022    0.0035  
   0.00053   0.00095   0.00042  -3.3e-05  -0.00047  -3.7e-05   0.00074   5.9e-05   0.00083   0.0013  
   0.0017    0.0017    0.0017    1.2e-20   1.3e-20  -1.9e-20   0         0         0         1       

TEN_LENGTH
   0.0026  

TEN_MOMENT
   0         0         0         0         0         0         0         0         0         0         0.5       0         0         0         0.5       0         0         0       

TENDON 0: 0 wrap points

ACTUATOR_LENGTH
  -1.5e-17 
   6.6e-20 
  -5.3e-19 
   2.3e-17 
   0.27    
   3.1     
  -2.3     
   1e-05   
   0.95    
   1.6     
   0.0026  

actuator_moment
--------------------
 x                  |
  x                 |
   x                |
    x               |
     x              |
      x             |
       x            |
        x           |
         x          |
          x         |
           x   x    |
--------------------

ACTUATOR_MOMENT
     0:  1       
     1:  1       
     2:  1       
     3:  1       
     4:  1       
     5:  1       
     6:  1       
     7:  1       
     8:  1       
     9:  1       
    10:  0.5       14:  0.5     

CRB
   0         0         0         0         0         0         0         0         0         0       
   3.9       4.4       0.46     -0.0018   -0.91      0.016     2.2e-16   1.7e-18   0         69      
   3.4       3.9       0.44     -0.0021   -0.81      0.014     1.2      -0.014     5.3       9.1     
   3.3       3.7       0.43     -0.0021   -0.82      0.014     1.2      -0.014     4.8       7.4     
   3         3.4       0.43     -0.0024   -0.83      0.02      1.2      -0.029     4.2       6       
   2.6       3         0.43     -0.0027   -0.82      0.007     1.2      -0.0077    3.5       4.9     
   1.8       2.2       0.42     -0.004    -0.76     -0.0096    1.1       0.013     2.6       3.7     
   1.2       1.6       0.4      -0.0025   -0.65     -0.0023    1         0.0043    1.8       2.8     
   0.85      1.2       0.36     -0.0037   -0.54     -0.0063    0.85      0.0098    1.3       2.1     
   0.57      0.86      0.29     -0.0011   -0.4      -0.0015    0.64      0.0024    0.89      1.4     
   0.37      0.58      0.21     -0.00069  -0.28     -0.00092   0.43      0.0014    0.58      0.9     
   0.0095    0.015     0.006     0.00067  -0.0074    0.00084   0.012    -0.0013    0.015     0.023   
   0.0058    0.0094    0.0037    0.00046  -0.0046    0.00057   0.0072   -0.0009    0.009     0.014   
   0.016     0.027     0.011     0.00085  -0.013     0.001     0.021    -0.0016    0.025     0.039   
   0.0071    0.012     0.0054    0.0005   -0.0061    0.00058   0.0096   -0.00091   0.011     0.017   
   0.002     0.0035    0.0016    0.00012  -0.0017    0.00014   0.0027   -0.00021   0.0031    0.0048  
   0.00053   0.00095   0.00042   3.1e-05  -0.00047   3.5e-05   0.00074  -5.4e-05   0.00083   0.0013  
   0.0095    0.015     0.006    -0.0007   -0.0074   -0.00089   0.012     0.0014    0.015     0.023   
   0.0058    0.0094    0.0038   -0.00048  -0.0046   -0.0006    0.0072    0.00094   0.009     0.014   
   0.016     0.027     0.011    -0.00091  -0.013    -0.0011    0.021     0.0017    0.025     0.039   
   0.0071    0.012     0.0054   -0.00053  -0.0061   -0.00061   0.0096    0.00096   0.011     0.017   
   0.002     0.0035    0.0016   -0.00013  -0.0017   -0.00015   0.0027    0.00023   0.0031    0.0048  
   0.00053   0.00095   0.00042  -3.3e-05  -0.00047  -3.7e-05   0.00074   5.9e-05   0.00083   0.0013  
   0.0017    0.0017    0.0017    1.2e-20   1.3e-20  -1.9e-20   0         0         0         1       

QM
   69      
   0         69      
   0.017     1.3       0.49    
  -0.016    -1.3      -0.48      0.48    
   1.2       2.7e-16   0.0062   -0.0062    0.81    
   0.046    -0.97     -0.4       0.4       0.014     0.35    
   0.76     -3.3e-05  -0.0024    0.0024   -0.21      0.0077    0.43    
  -0.00075   0.23      0.11     -0.11      0.00097  -0.098    -0.0012    0.036   
   0.01      5.9e-06  -1.9e-05   1.9e-05  -0.14     -0.001     0.11     -0.0004    0.053   
  -2.9e-06  -0.0057   -0.0023    0.0023    7.2e-05   0.0023   -5.5e-05   0.00013  -2.6e-05   0.0012  
   0.00065   0.00028   0.00019  -0.00019   9.7e-05  -0.00017   0.00017   9.1e-05  -3.6e-10   3.1e-17   0.005   
   4.2e-05   0.00033   0.00018  -0.00018   6.3e-06  -0.00016   1.1e-05   7e-05    -2.7e-10   1e-18     1.1e-05   0.001   
   0.0011    0.0014    0.00087  -0.00087   0.00017  -0.00077   0.00028   0.00037  -1.4e-09  -4.1e-12                       0.0011  
   6.7e-05   0.0002    0.00012  -0.00012   1e-05    -0.00011   1.7e-05   5.3e-05  -2e-10     6.8e-19                       1.9e-05   0.001   
   0.00065  -0.00028  -0.00019   0.00019   9.7e-05   0.00018   0.00017  -9.2e-05   3.6e-10  -1.5e-18                                           0.005   
   4.2e-05  -0.00033  -0.00018   0.00018   6.3e-06   0.00016   1.1e-05  -7e-05     2.7e-10  -2.4e-19                                           1.1e-05   0.001   
   0.0011   -0.0014   -0.00087   0.00087   0.00017   0.0008    0.00028  -0.00037   1.4e-09  -4.1e-12                                                               0.0011  
   6.7e-05  -0.0002   -0.00012   0.00012   1e-05     0.00011   1.7e-05  -5.3e-05   2e-10     1.6e-19                                                               1.9e-05   0.001   

M
     0:  69      
     0:  0          1:  69      
     0:  0.017      1:  1.3        2:  0.49    
     0: -0.016      1: -1.3        2: -0.48       3:  0.48    
     0:  1.2        1:  2.7e-16    2:  0.0062     3: -0.0062     4:  0.81    
     0:  0.046      1: -0.97       2: -0.4        3:  0.4        4:  0.014      5:  0.35    
     0:  0.76       1: -3.3e-05    2: -0.0024     3:  0.0024     4: -0.21       5:  0.0077     6:  0.43    
     0: -0.00075    1:  0.23       2:  0.11       3: -0.11       4:  0.00097    5: -0.098      6: -0.0012     7:  0.036   
     0:  0.01       1:  5.9e-06    2: -1.9e-05    3:  1.9e-05    4: -0.14       5: -0.001      6:  0.11       7: -0.0004     8:  0.053   
     0: -2.9e-06    1: -0.0057     2: -0.0023     3:  0.0023     4:  7.2e-05    5:  0.0023     6: -5.5e-05    7:  0.00013    8: -2.6e-05    9:  0.0012  
     0:  0.00065    1:  0.00028    2:  0.00019    3: -0.00019    4:  9.7e-05    5: -0.00017    6:  0.00017    7:  9.1e-05    8: -3.6e-10    9:  3.1e-17   10:  0.005   
     0:  4.2e-05    1:  0.00033    2:  0.00018    3: -0.00018    4:  6.3e-06    5: -0.00016    6:  1.1e-05    7:  7e-05      8: -2.7e-10    9:  1e-18     10:  1.1e-05   11:  0.001   
     0:  0.0011     1:  0.0014     2:  0.00087    3: -0.00087    4:  0.00017    5: -0.00077    6:  0.00028    7:  0.00037    8: -1.4e-09    9: -4.1e-12   12:  0.0011  
     0:  6.7e-05    1:  0.0002     2:  0.00012    3: -0.00012    4:  1e-05      5: -0.00011    6:  1.7e-05    7:  5.3e-05    8: -2e-10      9:  6.8e-19   12:  1.9e-05   13:  0.001   
     0:  0.00065    1: -0.00028    2: -0.00019    3:  0.00019    4:  9.7e-05    5:  0.00018    6:  0.00017    7: -9.2e-05    8:  3.6e-10    9: -1.5e-18   14:  0.005   
     0:  4.2e-05    1: -0.00033    2: -0.00018    3:  0.00018    4:  6.3e-06    5:  0.00016    6:  1.1e-05    7: -7e-05      8:  2.7e-10    9: -2.4e-19   14:  1.1e-05   15:  0.001   
     0:  0.0011     1: -0.0014     2: -0.00087    3:  0.00087    4:  0.00017    5:  0.0008     6:  0.00028    7: -0.00037    8:  1.4e-09    9: -4.1e-12   16:  0.0011  
     0:  6.7e-05    1: -0.0002     2: -0.00012    3:  0.00012    4:  1e-05      5:  0.00011    6:  1.7e-05    7: -5.3e-05    8:  2e-10      9:  1.6e-19   16:  1.9e-05   17:  0.001   

QLD
     0:  64      
     0: -0.00044    1:  64      
     0:  0.091      1: -0.36       2:  0.0031  
     0: -0.0047     1: -9.3        2: -1          3:  0.022   
     0:  2.3        1:  0.088      2:  0.039      3: -0.039      4:  0.45    
     0:  0.21       1: -4.5        2: -1.2        3:  1.2        4:  0.12       5:  0.073   
     0:  3.4        1:  0.012      2: -0.0049     3:  0.0049     4:  0.27       5:  0.04       6:  0.22    
     0: -0.019      1:  6.5        2:  3.1        3: -3.1        4: -0.0015     5: -2.7        6: -0.011      7:  0.036   
     0:  0.19       1: -0.0023     2: -0.0013     3:  0.0013     4: -2.5        5: -0.018      6:  2          7: -0.0075     8:  0.053   
     0: -0.0025     1: -5          2: -2          3:  2          4:  0.063      5:  2          6: -0.048      7:  0.11       8: -0.023      9:  0.0012  
     0:  0.13       1:  0.055      2:  0.038      3: -0.038      4:  0.019      5: -0.033      6:  0.033      7:  0.018      8: -7e-08      9:  6.2e-15   10:  0.005   
     0:  0.041      1:  0.32       2:  0.18       3: -0.18       4:  0.0062     5: -0.16       6:  0.011      7:  0.069      8: -2.7e-07    9:  1e-15     10:  0.011     11:  0.001   
     0:  0.99       1:  1.3        2:  0.78       3: -0.78       4:  0.15       5: -0.69       6:  0.26       7:  0.33       8: -1.3e-06    9: -3.7e-09   12:  0.0011  
     0:  0.066      1:  0.2        2:  0.12       3: -0.12       4:  0.01       5: -0.11       6:  0.017      7:  0.052      8: -2e-07      9:  6.7e-16   12:  0.018     13:  0.001   
     0:  0.13       1: -0.055      2: -0.038      3:  0.038      4:  0.019      5:  0.036      6:  0.033      7: -0.018      8:  7e-08      9: -3e-16     14:  0.005   
     0:  0.041      1: -0.32       2: -0.18       3:  0.18       4:  0.0062     5:  0.16       6:  0.011      7: -0.069      8:  2.7e-07    9: -2.4e-16   14:  0.011     15:  0.001   
     0:  0.99       1: -1.3        2: -0.78       3:  0.78       4:  0.15       5:  0.72       6:  0.26       7: -0.33       8:  1.3e-06    9: -3.7e-09   16:  0.0011  
     0:  0.066      1: -0.2        2: -0.12       3:  0.12       4:  0.01       5:  0.11       6:  0.017      7: -0.052      8:  2e-07      9:  1.6e-16   16:  0.018     17:  0.001   

QLDIAGINV
   0.016   
   0.016   
   3.2e+02 
   45      
   2.2     
   14      
   4.6     
   28      
   19      
   8.7e+02 
   2e+02   
   9.9e+02 
   9e+02   
   9.9e+02 
   2e+02   
   9.9e+02 
   9e+02   
   9.9e+02 

M: inertia structure
--------------------
 x                  |
 xx                 |
 xxx                |
 xxxx               |
 xxxxx              |
 xxxxxx             |
 xxxxxxx            |
 xxxxxxxx           |
 xxxxxxxxx          |
 xxxxxxxxxx         |
 xxxxxxxxxxx        |
 xxxxxxxxxxxx       |
 xxxxxxxxxx  x      |
 xxxxxxxxxx  xx     |
 xxxxxxxxxx    x    |
 xxxxxxxxxx    xx   |
 xxxxxxxxxx      x  |
 xxxxxxxxxx      xx |
--------------------

iM: block-diagonal inertia (nnzs are island ids)
--------------------
 0                  |
 00                 |
 000                |
 0000               |
 00000              |
 000000             |
 0000000            |
 00000000           |
 000000000          |
 0000000000         |
 00000000000        |
 000000000000       |
 0000000000  0      |
 0000000000  00     |
 0000000000    0    |
 0000000000    00   |
 0000000000      0  |
 0000000000      00 |
--------------------

QH
     0:  1.7e+02 
     0: -6.7e-05    1:  1.7e+02 
     0:  0.0047     1:  0.15       2:  2.1     
     0: -0.047      1: -1.6        2: -0.47       3:  0.38    
     0:  1.6        1:  0.029      2:  0.018      3: -0.018      4:  0.86    
     0:  0.075      1: -1.7        2: -0.67       3:  0.67       4:  0.032      5:  0.47    
     0:  1.4        1:  0.0028     2: -0.0028     3:  0.0028     4: -0.21       5:  0.014      6:  0.56    
     0: -0.0053     1:  1.7        2:  0.81       3: -0.81       4:  0.0045     5: -0.72       6: -0.0069     7:  0.14    
     0:  0.068      1:  2.9e-05    2: -0.00013    3:  0.00013    4: -0.88       5: -0.0067     6:  0.7        7: -0.0026     8:  0.15    
     0: -2.9e-05    1: -0.056      2: -0.023      3:  0.023      4:  0.00072    5:  0.023      6: -0.00055    7:  0.0013     8: -0.00026    9:  0.1     
     0:  0.063      1:  0.027      2:  0.019      3: -0.019      4:  0.0095     5: -0.016      6:  0.016      7:  0.0089     8: -3.4e-08    9:  3e-15     10:  0.01    
     0:  0.041      1:  0.32       2:  0.18       3: -0.18       4:  0.0062     5: -0.16       6:  0.011      7:  0.069      8: -2.7e-07    9:  3.2e-16   10:  0.011     11:  0.001   
     0:  0.99       1:  1.3        2:  0.78       3: -0.78       4:  0.15       5: -0.69       6:  0.25       7:  0.33       8: -1.3e-06    9: -3.7e-09   12:  0.0011  
     0:  0.066      1:  0.2        2:  0.12       3: -0.12       4:  0.01       5: -0.11       6:  0.017      7:  0.052      8: -2e-07      9: -5.6e-16   12:  0.018     13:  0.001   
     0:  0.063      1: -0.027      2: -0.019      3:  0.019      4:  0.0095     5:  0.018      6:  0.016      7: -0.0089     8:  3.4e-08    9: -2.5e-16   14:  0.01    
     0:  0.041      1: -0.32       2: -0.18       3:  0.18       4:  0.0062     5:  0.16       6:  0.011      7: -0.069      8:  2.7e-07    9: -1.1e-16   14:  0.011     15:  0.001   
     0:  0.99       1: -1.3        2: -0.78       3:  0.78       4:  0.15       5:  0.71       6:  0.25       7: -0.33       8:  1.3e-06    9: -3.7e-09   16:  0.0011  
     0:  0.066      1: -0.2        2: -0.12       3:  0.12       4:  0.01       5:  0.11       6:  0.017      7: -0.052      8:  2e-07      9:  0         16:  0.018     17:  0.001   

QHDIAGINV
   0.006   
   0.006   
   0.48    
   2.6     
   1.2     
   2.1     
   1.8     
   7.4     
   6.5     
   9.9     
   98      
   9.9e+02 
   9e+02   
   9.9e+02 
   98      
   9.9e+02 
   9e+02   
   9.9e+02 

TREE_AWAKE
  1

BODY_AWAKE
  -1 1 1 1 1 1 1 1 1 1 1 1 1 1 1 1 1 1 1 1 1 1 1 1

BODY_AWAKE_IND
  0 1 2 3 4 5 6 7 8 9 10 11 12 13 14 15 16 17 18 19 20 21 22 23

PARENT_AWAKE_IND
  1 2 3 4 5 6 7 8 9 10 11 12 13 14 15 16 17 18 19 20 21 22 23

DOF_AWAKE_IND
  0 1 2 3 4 5 6 7 8 9 10 11 12 13 14 15 16 17

QDERIV
     0: -5e+04      1:  0          2:  0          3:  0          4:  0          5:  0          6:  0          7:  0          8:  0          9:  0         10:  0         11:  0         12:  0         13:  0         14:  0         15:  0         16:  0         17:  0       
     0:  0          1: -5e+04      2:  0          3:  0          4:  0          5:  0          6:  0          7:  0          8:  0          9:  0         10:  0         11:  0         12:  0         13:  0         14:  0         15:  0         16:  0         17:  0       
     0:  0          1:  0          2: -1e+03      3:  0          4:  0          5:  0          6:  0          7:  0          8:  0          9:  0         10:  0         11:  0         12:  0         13:  0         14:  0         15:  0         16:  0         17:  0       
     0:  0          1:  0          2:  0          3: -1e+02      4:  0          5:  0          6:  0          7:  0          8:  0          9:  0         10:  0         11:  0         12:  0         13:  0         14:  0         15:  0         16:  0         17:  0       
     0:  0          1:  0          2:  0          3:  0          4: -1e+02      5:  0          6:  0          7:  0          8:  0          9:  0         10:  0         11:  0         12:  0         13:  0         14:  0         15:  0         16:  0         17:  0       
     0:  0          1:  0          2:  0          3:  0          4:  0          5: -1e+02      6:  0          7:  0          8:  0          9:  0         10:  0         11:  0         12:  0         13:  0         14:  0         15:  0         16:  0         17:  0       
     0:  0          1:  0          2:  0          3:  0          4:  0          5:  0          6: -1e+02      7:  0          8:  0          9:  0         10:  0         11:  0         12:  0         13:  0         14:  0         15:  0         16:  0         17:  0       
     0:  0          1:  0          2:  0          3:  0          4:  0          5:  0          6:  0          7: -50         8:  0          9:  0         10:  0         11:  0         12:  0         13:  0         14:  0         15:  0         16:  0         17:  0       
     0:  0          1:  0          2:  0          3:  0          4:  0          5:  0          6:  0          7:  0          8: -50         9:  0         10:  0         11:  0         12:  0         13:  0         14:  0         15:  0         16:  0         17:  0       
     0:  0          1:  0          2:  0          3:  0          4:  0          5:  0          6:  0          7:  0          8:  0          9: -50        10:  0         11:  0         12:  0         13:  0         14:  0         15:  0         16:  0         17:  0       
     0:  0          1:  0          2:  0          3:  0          4:  0          5:  0          6:  0          7:  0          8:  0          9:  0         10: -2.6       11:  0       
     0:  0          1:  0          2:  0          3:  0          4:  0          5:  0          6:  0          7:  0          8:  0          9:  0         10:  0         11:  0       
     0:  0          1:  0          2:  0          3:  0          4:  0          5:  0          6:  0          7:  0          8:  0          9:  0         12: -0.0013    13:  0       
     0:  0          1:  0          2:  0          3:  0          4:  0          5:  0          6:  0          7:  0          8:  0          9:  0         12:  0         13:  0       
     0:  0          1:  0          2:  0          3:  0          4:  0          5:  0          6:  0          7:  0          8:  0          9:  0         14: -2.6       15:  0       
     0:  0          1:  0          2:  0          3:  0          4:  0          5:  0          6:  0          7:  0          8:  0          9:  0         14:  0         15:  0       
     0:  0          1:  0          2:  0          3:  0          4:  0          5:  0          6:  0          7:  0          8:  0          9:  0         16: -0.0013    17:  0       
     0:  0          1:  0          2:  0          3:  0          4:  0          5:  0          6:  0          7:  0          8:  0          9:  0         16:  0         17:  0       

EFC_TYPE
  0
  0
  0
  0
  0
  0
  0
  3
  3

EFC_ID
  0
  0
  0
  1
  1
  1
  2
  11
  15

EFC_J
   0         0        -1.5e-05   1.5e-05  -8.7e-08   1.4e-05   8.7e-08  -1.2e-05   8.7e-08  -2.4e-07  -0.037    -0.006     0.055     0.018     0         0         0         0       
   0         0         5.4e-06  -5.4e-06   1.2e-21  -5.2e-06   8.4e-11   4.4e-06   1.2e-10  -3.7e-10  -0.044    -0.048     0.038    -0.0065    0         0         0         0       
   0         0         0         0        -5.4e-06  -3.9e-06   5.4e-06  -8.4e-06   5.4e-06  -1.5e-05   0.00061   9.8e-05  -0.00089  -0.00029   0         0         0         0       
   0         0         1.5e-05  -1.5e-05  -8.7e-08  -1.4e-05   8.7e-08   1.2e-05   8.7e-08   2.4e-07   0         0         0         0        -0.037    -0.006     0.055     0.018   
   0         0         5.4e-06  -5.4e-06   1.2e-21  -5.2e-06   8.4e-11   4.4e-06   1.2e-10   3.7e-10   0         0         0         0         0.044     0.048    -0.038     0.0065  
   0         0         0         0        -5.4e-06   3.9e-06   5.4e-06   8.4e-06   5.4e-06   1.5e-05   0         0         0         0         0.00061   9.5e-05  -0.00089  -0.00029 
   0         0         0         0         0         0         0         0         0         0         1         0         0         0        -1         0         0         0       
   0         0         0         0         0         0         0         0         0         0         0        -1         0         0         0         0         0         0       
   0         0         0         0         0         0         0         0         0         0         0         0         0         0         0        -1         0         0       

IEFC_J
   0         0        -1.5e-05   1.5e-05  -8.7e-08   1.4e-05   8.7e-08  -1.2e-05   8.7e-08  -2.4e-07  -0.037    -0.006     0.055     0.018     0         0         0         0       
   0         0         5.4e-06  -5.4e-06   1.2e-21  -5.2e-06   8.4e-11   4.4e-06   1.2e-10  -3.7e-10  -0.044    -0.048     0.038    -0.0065    0         0         0         0       
   0         0         0         0        -5.4e-06  -3.9e-06   5.4e-06  -8.4e-06   5.4e-06  -1.5e-05   0.00061   9.8e-05  -0.00089  -0.00029   0         0         0         0       
   0         0         1.5e-05  -1.5e-05  -8.7e-08  -1.4e-05   8.7e-08   1.2e-05   8.7e-08   2.4e-07   0         0         0         0        -0.037    -0.006     0.055     0.018   
   0         0         5.4e-06  -5.4e-06   1.2e-21  -5.2e-06   8.4e-11   4.4e-06   1.2e-10   3.7e-10   0         0         0         0         0.044     0.048    -0.038     0.0065  
   0         0         0         0        -5.4e-06   3.9e-06   5.4e-06   8.4e-06   5.4e-06   1.5e-05   0         0         0         0         0.00061   9.5e-05  -0.00089  -0.00029 
   0         0         0         0         0         0         0         0         0         0         1         0         0         0        -1         0         0         0       
   0         0         0         0         0         0         0         0         0         0         0        -1         0         0         0         0         0         0       
   0         0         0         0         0         0         0         0         0         0         0         0         0         0         0        -1         0         0       

EFC_POS
   5.4e-06 
   1.5e-05 
  -8.7e-08 
   5.4e-06 
  -1.5e-05 
  -8.7e-08 
   2.1e-10 
  -0.00015 
  -0.00015 

EFC_MARGIN
   0       
   0       
   0       
   0       
   0       
   0       
   0       
   0       
   0       

EFC_FRICTIONLOSS
   0       
   0       
   0       
   0       
   0       
   0       
   0       
   0       
   0       

EFC_DIAGAPPROX
   4.8     
   4.8     
   4.8     
   4.8     
   4.8     
   4.8     
   4e+02   
   9.9e+02 
   9.9e+02 

EFC_KBIP
   4.1e+04   4e+02     0.95      2.5     
   4.1e+04   4e+02     0.95      2.5     
   4.1e+04   4e+02     0.95      2.5     
   4.1e+04   4e+02     0.95      2.5     
   4.1e+04   4e+02     0.95      2.5     
   4.1e+04   4e+02     0.95      2.5     
   4.1e+04   4e+02     0.95      3.3e-05 
   4.1e+04   4e+02     0.95     -23      
   4.1e+04   4e+02     0.95     -23      

EFC_D
   4       
   4       
   4       
   4       
   4       
   4       
   0.048   
   0.02    
   0.02    

EFC_R
   0.25    
   0.25    
   0.25    
   0.25    
   0.25    
   0.25    
   21      
   50      
   50      

TEN_VELOCITY
   3.9e-11 

ACTUATOR_VELOCITY
   1.3e-16 
   2.6e-18 
   5.5e-17 
  -7.3e-16 
  -6e-13   
  -1e-13   
   4.9e-13 
   8.1e-15 
  -4.6e-11 
   5.3e-14 
   3.9e-11 

CVEL
   0         0         0         0         0         0       
   0         0         5.5e-17   1.3e-16   3.6e-18   0       
   0         0         5.5e-17   1.3e-16   3.6e-18   0       
   0         0         7.8e-16   1.3e-16   1.8e-17   0       
  -1.5e-29  -6e-13     7.8e-16   3e-13     1.8e-17   1.2e-14 
   2.8e-14  -6e-13     1e-13     3e-13     1.6e-14   1.2e-14 
   2.8e-14  -1.1e-12   1e-13     7.4e-13   1.6e-14  -3.3e-14 
   2.3e-14  -1.1e-12   1.1e-13   7.4e-13   1.1e-14  -3.3e-14 
   2.6e-14   4.5e-11   1.1e-13  -2.9e-11   1.3e-14   1.2e-11 
  -2.7e-14   4.5e-11   1.1e-13  -2.9e-11  -2.1e-14   1.2e-11 
  -2.7e-14   4.5e-11   1.1e-13  -2.9e-11  -2.1e-14   1.2e-11 
   6.1e-13   4.5e-11   3.9e-11  -3e-11    -1.9e-11   1.2e-11 
   6.1e-13   4.5e-11   3.9e-11  -3e-11    -1.9e-11   1.2e-11 
   6.1e-13   4.5e-11   3.9e-11  -2.9e-11  -1.9e-11   1.2e-11 
   6e-15     4.5e-11   2.1e-12  -2.8e-11   6.2e-13   1.2e-11 
   6e-15     4.5e-11   2.1e-12  -2.8e-11   6.2e-13   1.2e-11 
   6e-15     4.5e-11   2.1e-12  -2.8e-11   6.2e-13   1.2e-11 
  -6.6e-13   4.5e-11  -3.9e-11  -3e-11     1.9e-11   1.2e-11 
  -6.6e-13   4.5e-11  -3.9e-11  -3e-11     1.9e-11   1.2e-11 
  -6.6e-13   4.5e-11  -3.9e-11  -3e-11     1.9e-11   1.2e-11 
  -5.7e-14   4.5e-11  -1.7e-12  -2.8e-11  -7.6e-13   1.2e-11 
  -5.7e-14   4.5e-11  -1.7e-12  -2.8e-11  -7.6e-13   1.2e-11 
  -5.7e-14   4.5e-11  -1.7e-12  -2.8e-11  -7.6e-13   1.2e-11 
   0         0         0         0         0         0       

CDOF_DOT
   0         0         0         0         0         0       
   0         0         0         0         0         0       
   0         0         0         2.6e-18  -1.3e-16   0       
  -0         0         0        -2.6e-18   1.3e-16   0       
  -7.8e-16   1.9e-32   0        -8.7e-33  -3.9e-16   1.3e-16 
   5.8e-13  -2.1e-16  -1.6e-13   1.9e-15   2.9e-13   6.7e-15 
   1e-13    -6.6e-18  -2.8e-14   6.8e-14   9.4e-14   2.5e-13 
  -9e-13    -8.1e-14  -6.2e-13   7.2e-14  -5.9e-13  -6.3e-15 
   1.1e-13  -6.2e-18  -2.3e-14   2.6e-13   7.6e-14  -3.8e-14 
   7.3e-13  -1.1e-13   4.5e-11   1.4e-13  -1.2e-11  -4.9e-15 
   4.5e-11   2.9e-14  -7.3e-13   5.3e-14   2.9e-11   1.3e-12 
   4.5e-11   2.9e-14  -7.3e-13  -8.3e-14   2.8e-11   2.8e-12 
   4.5e-11   2.9e-14  -7.3e-13   4e-14     2.9e-11   5.4e-13 
   4.5e-11   2.9e-14  -7.3e-13   1.8e-12   2.8e-11   2.2e-12 
  -4.5e-11  -2.9e-14   7.3e-13  -7.8e-15  -2.9e-11   1.4e-12 
  -4.5e-11  -2.9e-14   7.3e-13  -1.4e-13  -2.8e-11   2.9e-12 
  -4.5e-11  -2.9e-14   7.3e-13  -2.1e-14  -2.9e-11   6.5e-13 
  -4.5e-11  -2.9e-14   7.3e-13   1.7e-12  -2.8e-11   2.3e-12 

QFRC_BIAS
  -5.9e-22 
   6.3e-25 
   2.3e-24 
  -2.3e-24 
  -13      
  -0.13    
   7.9     
  -0.0051  
   2.8     
  -0.0016  
  -0.0001  
  -6.7e-06 
  -0.00018 
  -1.1e-05 
  -0.0001  
  -6.5e-06 
  -0.00018 
  -1.1e-05 

QFRC_SPRING
   0       
   0       
   0       
   0       
   0       
   0       
   0       
   0       
   0       
   0       
   0       
   0       
   0.13    
   0       
   0       
   0       
   0.13    
   0       

QFRC_DAMPER
   0       
   0       
   0       
   0       
   0       
   0       
   0       
   0       
   0       
   0       
  -3.9e-12 
   0       
  -4.9e-14 
   0       
  -3.9e-12 
   0       
  -4.9e-14 
   0       

QFRC_GRAVCOMP
   0       
   0       
   0       
   0       
   0       
   0       
   0       
   0       
   0       
   0       
   0       
   0       
   0       
   0       
   0       
   0       
   0       
   0       

QFRC_FLUID
   0       
   0       
   0       
   0       
   0       
   0       
   0       
   0       
   0       
   0       
   0       
   0       
   0       
   0       
   0       
   0       
   0       
   0       

QFRC_PASSIVE
   0       
   0       
   0       
   0       
   0       
   0       
   0       
   0       
   0       
   0       
  -3.9e-12 
   0       
   0.13    
   0       
  -3.9e-12 
   0       
   0.13    
   0       

EFC_VEL
   1e-14   
   4.4e-15 
  -4.1e-16 
   5.1e-15 
  -3.9e-15 
  -3.3e-16 
  -3.5e-16 
   1.6e-14 
   1.5e-14 

EFC_AREF
  -0.21    
  -0.58    
   0.0034  
  -0.21    
   0.58    
   0.0034  
  -8e-06   
   5.7     
   5.7     

SUBTREE_LINVEL
   0         0         0       
   0         0         0       
   0         0         0       
   0         0         0       
   0         0         0       
   0         0         0       
   0         0         0       
   0         0         0       
   0         0         0       
   0         0         0       
   0         0         0       
   0         0         0       
   0         0         0       
   0         0         0       
   0         0         0       
   0         0         0       
   0         0         0       
   0         0         0       
   0         0         0       
   0         0         0       
   0         0         0       
   0         0         0       
   0         0         0       
   0         0         0       

SUBTREE_ANGMOM
   0         0         0       
   0         0         0       
   0         0         0       
   0         0         0       
   0         0         0       
   0         0         0       
   0         0         0       
   0         0         0       
   0         0         0       
   0         0         0       
   0         0         0       
   0         0         0       
   0         0         0       
   0         0         0       
   0         0         0       
   0         0         0       
   0         0         0       
   0         0         0       
   0         0         0       
   0         0         0       
   0         0         0       
   0         0         0       
   0         0         0       
   0         0         0       

ACTUATOR_FORCE
   8e-12   
  -1.9e-13 
  -2.8e-14 
   2.6e-14 
  -13      
  -0.13    
   7.9     
  -0.0051  
   2.8     
  -0.0016  
  -0.26    

QFRC_ACTUATOR
   8e-12   
  -1.9e-13 
  -2.8e-14 
   2.6e-14 
  -13      
  -0.13    
   7.9     
  -0.0051  
   2.8     
  -0.0016  
  -0.13    
   0       
   0       
   0       
  -0.13    
   0       
   0       
   0       

QFRC_SMOOTH
   8e-12   
  -1.9e-13 
  -2.8e-14 
   2.6e-14 
  -5.6e-11 
  -3.6e-13 
   4.6e-11 
  -2e-13   
   7e-11   
   1.8e-14 
  -0.13    
   6.7e-06 
   0.13    
   1.1e-05 
  -0.13    
   6.5e-06 
   0.13    
   1.1e-05 

QACC_SMOOTH
   0.00023 
  -7.8e-06 
  -2.4e-05 
  -0.0036  
  -0.042   
   0.0043  
  -0.26    
  -0.00052 
   0.41    
  -0.0018  
  -26      
   0.3     
   1.2e+02 
  -2.2     
  -26      
   0.3     
   1.2e+02 
  -2.2     

EFC_B
   7.6     
   6.1     
  -0.12    
   7.6     
  -6.1     
  -0.12    
   7.9e-05 
  -6       
  -6       

EFC_FORCE
  -0.83    
  -2.3     
   0.013   
  -0.82    
   2.3     
   0.013   
  -3.8e-07 
   0.11    
   0.11    

EFC_STATE
  1
  1
  1
  1
  1
  1
  1
  1
  1

QFRC_CONSTRAINT
   0       
   0       
   8.7e-17 
  -8.7e-17 
  -3.6e-18 
  -1.4e-16 
  -3.1e-17 
   2.6e-16 
   1.9e-17 
   3.3e-16 
   0.13    
  -6.7e-06 
  -0.13    
  -1.1e-05 
   0.13    
  -6.5e-06 
  -0.13    
  -1.1e-05 

QFRC_INVERSE
   0       
   0       
   0       
   0       
   0       
   0       
   0       
   0       
   0       
   0       
   0       
   0       
   0       
   0       
   0       
   0       
   0       
   0       

CACC
   0         0         0         0         0         0       
   0         0         0         0         0         0       
   0         0         0         0         0         0       
   0         0         0         0         0         0       
   0         0         0         0         0         0       
   0         0         0         0         0         0       
   0         0         0         0         0         0       
   0         0         0         0         0         0       
   0         0         0         0         0         0       
   0         0         0         0         0         0       
   0         0         0         0         0         0       
   0         0         0         0         0         0       
   0         0         0         0         0         0       
   0         0         0         0         0         0       
   0         0         0         0         0         0       
   0         0         0         0         0         0       
   0         0         0         0         0         0       
   0         0         0         0         0         0       
   0         0         0         0         0         0       
   0         0         0         0         0         0       
   0         0         0         0         0         0       
   0         0         0         0         0         0       
   0         0         0         0         0         0       
   0         0         0         0         0         0       

CFRC_INT
   0         0         0         0         0         0       
   0         0         0         0         0         0       
   0         0         0         0         0         0       
   0         0         0         0         0         0       
   0         0         0         0         0         0       
   0         0         0         0         0         0       
   0         0         0         0         0         0       
   0         0         0         0         0         0       
   0         0         0         0         0         0       
   0         0         0         0         0         0       
   0         0         0         0         0         0       
   0         0         0         0         0         0       
   0         0         0         0         0         0       
   0         0         0         0         0         0       
   0         0         0         0         0         0       
   0         0         0         0         0         0       
   0         0         0         0         0         0       
   0         0         0         0         0         0       
   0         0         0         0         0         0       
   0         0         0         0         0         0       
   0         0         0         0         0         0       
   0         0         0         0         0         0       
   0         0         0         0         0         0       
   0         0         0         0         0         0       

CFRC_EXT
   0         0         0         0         0         0       
   0         0         0         0         0         0       
   0         0         0         0         0         0       
   0         0         0         0         0         0       
   0         0         0         0         0         0       
   0         0         0         0         0         0       
   0         0         0         0         0         0       
   0         0         0         0         0         0       
   0         0         0         0         0         0       
   0         0         0         0         0         0       
   0         0         0         0         0         0       
   0         0         0         0         0         0       
   0         0         0         0         0         0       
   0         0         0         0         0         0       
   0         0         0         0         0         0       
   0         0         0         0         0         0       
   0         0         0         0         0         0       
   0         0         0         0         0         0       
   0         0         0         0         0         0       
   0         0         0         0         0         0       
   0         0         0         0         0         0       
   0         0         0         0         0         0       
   0         0         0         0         0         0       
   0         0         0         0         0         0       

TREE_ISLAND
  0

ISLAND_NTREE
  1

ISLAND_ITREEADR
  0

MAP_ITREE2TREE
  0

DOF_ISLAND            0 0 0 0 0 0 0 0 0 0 0 0 0 0 0 0 0 0

ISLAND_NV             18

ISLAND_IDOFADR        0

MAP_IDOF2DOF          0 1 2 3 4 5 6 7 8 9 10 11 12 13 14 15 16 17

EFC_ISLAND            0 0 0 0 0 0 0 0 0

ISLAND_NEFC           9

ISLAND_IEFCADR        0

MAP_IEFC2EFC          0 1 2 3 4 5 6 7 8

TENDON_EFCADR         -1

